T=0.48;//時定数[sec]
K=0.9421910;//ゲイン定数[回転速度/入力電圧]
offset=0.0540832;//オフセット電圧[V]
